{
 "cells": [
  {
   "cell_type": "markdown",
   "metadata": {},
   "source": [
    "# Correlations and Clustering"
   ]
  },
  {
   "cell_type": "markdown",
   "metadata": {},
   "source": [
    "## Correlations"
   ]
  },
  {
   "cell_type": "markdown",
   "metadata": {},
   "source": [
    "First, lets's import the libraries we will use, load our data and see the first five entries."
   ]
  },
  {
   "cell_type": "code",
   "execution_count": 72,
   "metadata": {
    "collapsed": false
   },
   "outputs": [
    {
     "data": {
      "text/html": [
       "<div>\n",
       "<table border=\"1\" class=\"dataframe\">\n",
       "  <thead>\n",
       "    <tr style=\"text-align: right;\">\n",
       "      <th></th>\n",
       "      <th>Result</th>\n",
       "      <th>FSP</th>\n",
       "      <th>FSW</th>\n",
       "      <th>SSP</th>\n",
       "      <th>SSW</th>\n",
       "      <th>ACE</th>\n",
       "      <th>DBF</th>\n",
       "      <th>WNR</th>\n",
       "      <th>UFE</th>\n",
       "      <th>BPC</th>\n",
       "      <th>BPW</th>\n",
       "    </tr>\n",
       "  </thead>\n",
       "  <tbody>\n",
       "    <tr>\n",
       "      <th>0</th>\n",
       "      <td>0</td>\n",
       "      <td>61</td>\n",
       "      <td>35</td>\n",
       "      <td>39</td>\n",
       "      <td>18</td>\n",
       "      <td>5</td>\n",
       "      <td>1.0</td>\n",
       "      <td>17</td>\n",
       "      <td>29</td>\n",
       "      <td>1</td>\n",
       "      <td>3</td>\n",
       "    </tr>\n",
       "    <tr>\n",
       "      <th>1</th>\n",
       "      <td>1</td>\n",
       "      <td>61</td>\n",
       "      <td>31</td>\n",
       "      <td>39</td>\n",
       "      <td>13</td>\n",
       "      <td>13</td>\n",
       "      <td>1.0</td>\n",
       "      <td>13</td>\n",
       "      <td>1</td>\n",
       "      <td>7</td>\n",
       "      <td>14</td>\n",
       "    </tr>\n",
       "    <tr>\n",
       "      <th>2</th>\n",
       "      <td>0</td>\n",
       "      <td>52</td>\n",
       "      <td>53</td>\n",
       "      <td>48</td>\n",
       "      <td>20</td>\n",
       "      <td>8</td>\n",
       "      <td>4.0</td>\n",
       "      <td>37</td>\n",
       "      <td>50</td>\n",
       "      <td>1</td>\n",
       "      <td>9</td>\n",
       "    </tr>\n",
       "    <tr>\n",
       "      <th>3</th>\n",
       "      <td>1</td>\n",
       "      <td>53</td>\n",
       "      <td>39</td>\n",
       "      <td>47</td>\n",
       "      <td>24</td>\n",
       "      <td>8</td>\n",
       "      <td>6.0</td>\n",
       "      <td>8</td>\n",
       "      <td>6</td>\n",
       "      <td>6</td>\n",
       "      <td>9</td>\n",
       "    </tr>\n",
       "    <tr>\n",
       "      <th>4</th>\n",
       "      <td>0</td>\n",
       "      <td>76</td>\n",
       "      <td>63</td>\n",
       "      <td>24</td>\n",
       "      <td>12</td>\n",
       "      <td>0</td>\n",
       "      <td>4.0</td>\n",
       "      <td>16</td>\n",
       "      <td>35</td>\n",
       "      <td>3</td>\n",
       "      <td>12</td>\n",
       "    </tr>\n",
       "  </tbody>\n",
       "</table>\n",
       "</div>"
      ],
      "text/plain": [
       "   Result  FSP  FSW  SSP  SSW  ACE  DBF  WNR  UFE  BPC  BPW\n",
       "0       0   61   35   39   18    5  1.0   17   29    1    3\n",
       "1       1   61   31   39   13   13  1.0   13    1    7   14\n",
       "2       0   52   53   48   20    8  4.0   37   50    1    9\n",
       "3       1   53   39   47   24    8  6.0    8    6    6    9\n",
       "4       0   76   63   24   12    0  4.0   16   35    3   12"
      ]
     },
     "execution_count": 72,
     "metadata": {},
     "output_type": "execute_result"
    }
   ],
   "source": [
    "import numpy as np\n",
    "import pandas as pd\n",
    "import matplotlib.pyplot as plt\n",
    "\n",
    "%matplotlib inline\n",
    "data = pd.read_csv(\"deneme.csv\")\n",
    "data = data.drop([\"Round\",\"Player1\",\"TPW.1\",\"Player2\", \"FSP.2\", \"FSW.2\", \"SSP.2\", \"SSW.2\", \"ACE.2\",\"DBF.2\", \"WNR.2\", \"UFE.2\",\"BPC.2\",\"BPW.2\",\"TPW.2\" , \"FNL1\", \"FNL2\",\"NPA.1\",\"NPW.1\",\"ST1.1\",\"ST2.1\",\"ST3.1\",\"ST4.1\",\"ST5.1\",\"NPA.2\",\"NPW.2\",\"ST1.2\",\"ST2.2\",\"ST3.2\",\"ST4.2\",\"ST5.2\"], axis=1)\n",
    "data.rename(columns={\"FSP.1\":\"FSP\" , \"FSW.1\" : \"FSW\" , \"SSP.1\" : \"SSP\" , \"SSW.1\" : \"SSW\",\"ACE.1\" : \"ACE\", \"DBF.1\" : \"DBF\", \"WNR.1\":\"WNR\", \"UFE.1\" : \"UFE\", \"BPC.1\" : \"BPC\" , \"BPW.1\" : \"BPW\"}, inplace=True)\n",
    "data.head()"
   ]
  },
  {
   "cell_type": "markdown",
   "metadata": {},
   "source": [
    "We will calculate Pearson's correlation coefficients matrix"
   ]
  },
  {
   "cell_type": "code",
   "execution_count": 73,
   "metadata": {
    "collapsed": false
   },
   "outputs": [
    {
     "data": {
      "text/html": [
       "<div>\n",
       "<table border=\"1\" class=\"dataframe\">\n",
       "  <thead>\n",
       "    <tr style=\"text-align: right;\">\n",
       "      <th></th>\n",
       "      <th>Result</th>\n",
       "      <th>FSP</th>\n",
       "      <th>FSW</th>\n",
       "      <th>SSP</th>\n",
       "      <th>SSW</th>\n",
       "      <th>ACE</th>\n",
       "      <th>DBF</th>\n",
       "      <th>WNR</th>\n",
       "      <th>UFE</th>\n",
       "      <th>BPC</th>\n",
       "      <th>BPW</th>\n",
       "    </tr>\n",
       "  </thead>\n",
       "  <tbody>\n",
       "    <tr>\n",
       "      <th>Result</th>\n",
       "      <td>1.000000</td>\n",
       "      <td>0.116585</td>\n",
       "      <td>0.131092</td>\n",
       "      <td>-0.116585</td>\n",
       "      <td>0.121723</td>\n",
       "      <td>0.190405</td>\n",
       "      <td>-0.099503</td>\n",
       "      <td>0.193906</td>\n",
       "      <td>-0.164472</td>\n",
       "      <td>0.626180</td>\n",
       "      <td>0.494495</td>\n",
       "    </tr>\n",
       "    <tr>\n",
       "      <th>FSP</th>\n",
       "      <td>0.116585</td>\n",
       "      <td>1.000000</td>\n",
       "      <td>0.230139</td>\n",
       "      <td>-1.000000</td>\n",
       "      <td>-0.487529</td>\n",
       "      <td>-0.092801</td>\n",
       "      <td>-0.362946</td>\n",
       "      <td>-0.000631</td>\n",
       "      <td>-0.107677</td>\n",
       "      <td>0.037264</td>\n",
       "      <td>0.065814</td>\n",
       "    </tr>\n",
       "    <tr>\n",
       "      <th>FSW</th>\n",
       "      <td>0.131092</td>\n",
       "      <td>0.230139</td>\n",
       "      <td>1.000000</td>\n",
       "      <td>-0.230139</td>\n",
       "      <td>0.581404</td>\n",
       "      <td>0.537616</td>\n",
       "      <td>0.292316</td>\n",
       "      <td>0.598778</td>\n",
       "      <td>0.397354</td>\n",
       "      <td>0.230163</td>\n",
       "      <td>0.351445</td>\n",
       "    </tr>\n",
       "    <tr>\n",
       "      <th>SSP</th>\n",
       "      <td>-0.116585</td>\n",
       "      <td>-1.000000</td>\n",
       "      <td>-0.230139</td>\n",
       "      <td>1.000000</td>\n",
       "      <td>0.487529</td>\n",
       "      <td>0.092801</td>\n",
       "      <td>0.362946</td>\n",
       "      <td>0.000631</td>\n",
       "      <td>0.107677</td>\n",
       "      <td>-0.037264</td>\n",
       "      <td>-0.065814</td>\n",
       "    </tr>\n",
       "    <tr>\n",
       "      <th>SSW</th>\n",
       "      <td>0.121723</td>\n",
       "      <td>-0.487529</td>\n",
       "      <td>0.581404</td>\n",
       "      <td>0.487529</td>\n",
       "      <td>1.000000</td>\n",
       "      <td>0.432403</td>\n",
       "      <td>0.371954</td>\n",
       "      <td>0.441742</td>\n",
       "      <td>0.295111</td>\n",
       "      <td>0.236923</td>\n",
       "      <td>0.278757</td>\n",
       "    </tr>\n",
       "    <tr>\n",
       "      <th>ACE</th>\n",
       "      <td>0.190405</td>\n",
       "      <td>-0.092801</td>\n",
       "      <td>0.537616</td>\n",
       "      <td>0.092801</td>\n",
       "      <td>0.432403</td>\n",
       "      <td>1.000000</td>\n",
       "      <td>0.209837</td>\n",
       "      <td>0.613009</td>\n",
       "      <td>0.217433</td>\n",
       "      <td>0.049749</td>\n",
       "      <td>0.140383</td>\n",
       "    </tr>\n",
       "    <tr>\n",
       "      <th>DBF</th>\n",
       "      <td>-0.099503</td>\n",
       "      <td>-0.362946</td>\n",
       "      <td>0.292316</td>\n",
       "      <td>0.362946</td>\n",
       "      <td>0.371954</td>\n",
       "      <td>0.209837</td>\n",
       "      <td>1.000000</td>\n",
       "      <td>0.186202</td>\n",
       "      <td>0.351850</td>\n",
       "      <td>0.029884</td>\n",
       "      <td>0.021315</td>\n",
       "    </tr>\n",
       "    <tr>\n",
       "      <th>WNR</th>\n",
       "      <td>0.193906</td>\n",
       "      <td>-0.000631</td>\n",
       "      <td>0.598778</td>\n",
       "      <td>0.000631</td>\n",
       "      <td>0.441742</td>\n",
       "      <td>0.613009</td>\n",
       "      <td>0.186202</td>\n",
       "      <td>1.000000</td>\n",
       "      <td>0.700202</td>\n",
       "      <td>0.096655</td>\n",
       "      <td>0.199054</td>\n",
       "    </tr>\n",
       "    <tr>\n",
       "      <th>UFE</th>\n",
       "      <td>-0.164472</td>\n",
       "      <td>-0.107677</td>\n",
       "      <td>0.397354</td>\n",
       "      <td>0.107677</td>\n",
       "      <td>0.295111</td>\n",
       "      <td>0.217433</td>\n",
       "      <td>0.351850</td>\n",
       "      <td>0.700202</td>\n",
       "      <td>1.000000</td>\n",
       "      <td>-0.024630</td>\n",
       "      <td>0.050152</td>\n",
       "    </tr>\n",
       "    <tr>\n",
       "      <th>BPC</th>\n",
       "      <td>0.626180</td>\n",
       "      <td>0.037264</td>\n",
       "      <td>0.230163</td>\n",
       "      <td>-0.037264</td>\n",
       "      <td>0.236923</td>\n",
       "      <td>0.049749</td>\n",
       "      <td>0.029884</td>\n",
       "      <td>0.096655</td>\n",
       "      <td>-0.024630</td>\n",
       "      <td>1.000000</td>\n",
       "      <td>0.799070</td>\n",
       "    </tr>\n",
       "    <tr>\n",
       "      <th>BPW</th>\n",
       "      <td>0.494495</td>\n",
       "      <td>0.065814</td>\n",
       "      <td>0.351445</td>\n",
       "      <td>-0.065814</td>\n",
       "      <td>0.278757</td>\n",
       "      <td>0.140383</td>\n",
       "      <td>0.021315</td>\n",
       "      <td>0.199054</td>\n",
       "      <td>0.050152</td>\n",
       "      <td>0.799070</td>\n",
       "      <td>1.000000</td>\n",
       "    </tr>\n",
       "  </tbody>\n",
       "</table>\n",
       "</div>"
      ],
      "text/plain": [
       "          Result       FSP       FSW       SSP       SSW       ACE       DBF  \\\n",
       "Result  1.000000  0.116585  0.131092 -0.116585  0.121723  0.190405 -0.099503   \n",
       "FSP     0.116585  1.000000  0.230139 -1.000000 -0.487529 -0.092801 -0.362946   \n",
       "FSW     0.131092  0.230139  1.000000 -0.230139  0.581404  0.537616  0.292316   \n",
       "SSP    -0.116585 -1.000000 -0.230139  1.000000  0.487529  0.092801  0.362946   \n",
       "SSW     0.121723 -0.487529  0.581404  0.487529  1.000000  0.432403  0.371954   \n",
       "ACE     0.190405 -0.092801  0.537616  0.092801  0.432403  1.000000  0.209837   \n",
       "DBF    -0.099503 -0.362946  0.292316  0.362946  0.371954  0.209837  1.000000   \n",
       "WNR     0.193906 -0.000631  0.598778  0.000631  0.441742  0.613009  0.186202   \n",
       "UFE    -0.164472 -0.107677  0.397354  0.107677  0.295111  0.217433  0.351850   \n",
       "BPC     0.626180  0.037264  0.230163 -0.037264  0.236923  0.049749  0.029884   \n",
       "BPW     0.494495  0.065814  0.351445 -0.065814  0.278757  0.140383  0.021315   \n",
       "\n",
       "             WNR       UFE       BPC       BPW  \n",
       "Result  0.193906 -0.164472  0.626180  0.494495  \n",
       "FSP    -0.000631 -0.107677  0.037264  0.065814  \n",
       "FSW     0.598778  0.397354  0.230163  0.351445  \n",
       "SSP     0.000631  0.107677 -0.037264 -0.065814  \n",
       "SSW     0.441742  0.295111  0.236923  0.278757  \n",
       "ACE     0.613009  0.217433  0.049749  0.140383  \n",
       "DBF     0.186202  0.351850  0.029884  0.021315  \n",
       "WNR     1.000000  0.700202  0.096655  0.199054  \n",
       "UFE     0.700202  1.000000 -0.024630  0.050152  \n",
       "BPC     0.096655 -0.024630  1.000000  0.799070  \n",
       "BPW     0.199054  0.050152  0.799070  1.000000  "
      ]
     },
     "execution_count": 73,
     "metadata": {},
     "output_type": "execute_result"
    }
   ],
   "source": [
    "corrData =data.corr()\n",
    "corrData"
   ]
  },
  {
   "cell_type": "markdown",
   "metadata": {},
   "source": [
    "To see more clearly, we should visualize it."
   ]
  },
  {
   "cell_type": "code",
   "execution_count": 74,
   "metadata": {
    "collapsed": false
   },
   "outputs": [
    {
     "data": {
      "image/png": "iVBORw0KGgoAAAANSUhEUgAAAcoAAAHRCAYAAADqjfmEAAAABHNCSVQICAgIfAhkiAAAAAlwSFlz\nAAALEgAACxIB0t1+/AAAIABJREFUeJzt3XmYJGWVqPG3qoEGaVAaFxoEQRyPLCIOqLSCLCoCOrg7\nyjKIogKjwxU31BmVO4iKiogOYAsOLmzqqKOjgg1edhFHRFHhKCg6I4sLOzTddFfdPyIKk7Iro6oy\noyKX9/c8+XRkZFack9VZefJ88UXEyPj4OJIkafVGm05AkqReZqGUJKkNC6UkSW1YKCVJasNCKUlS\nGxZKSZLaWKPOjR86snmjx5588uYLmgwPwMjYykbj37T2Jo3GB9h4+c2Nxh+97/ZG49+8cJtG4wMs\nuu3njcb/5YInNRofYPmb/77R+I/abvNG4wNs/M8nj9S17To+708Zv7G2fGfCjlKSpDZq7SglScNh\nXk/0fvWwo5QkqQ07SklSx+aNDG5LaUcpSVIbdpSSpI4N8j5KC6UkqWMOvUqSNKTsKCVJHRvkoVc7\nSkmS2rCjlCR1bJD3UVooJUkdc+hVkqQhZUcpSerYIA+92lFKktSGHaUkqWOD3HVZKCVJHRv6odeI\n2HHS/V3rSUeSpN7StqOMiF2ArYG3RMTx5ep5wD8C29acmySpTwzy4SFVQ6+3AxsB84FF5box4B11\nJiVJUq9oWygz82fAzyJiSWbePEc5SZL6zCDvo6waer0ZGC+XJ1aPAOOZuXG9qUmS1LyqjnJRu8cl\nSYLh3kcJQER8dvK6zHxt99ORJPWjoR16bXFO+e8I8LeAw66SpKEwrUKZmee13D03Ir5bUz6SpD7k\n0GvEni13FwGPqScdSZJ6y3SHXl/dsrwMcP+kJOlBQ7+PMjMPjoh5FPsoFwPX1JqVJKmvOPQacQJw\nLfA4isk8twIH1ZiXJEk9YbpXRnlaZn4aWJyZewGPrTEnSVKfmTfS/VuvmG6hnBcROwA3RsRawHo1\n5iRJUs+Y7mSezwMnUUziOQ74dG0ZSZL6jpN5Mk+KiDMo9lG+JzPvrTctSVI/6aWh0m6b7oWbXwZc\nCJwBHBkR/1xnUpIk9Yrp7qM8EtgJ+BNwDPCS2jKSJPWdeSMjXb/1iukWyrHMXE5xea1xwKFXSdJQ\nmO5knksi4izgsRFxCnBljTlJkvrMIO+jrLpw8xrAvsBSYD5wFcXJBl5Qf2qSpH7RS0Ol3VbVUZ4B\nrAQ2Ar5GcXaeU4FPTGfjn7z5go6S69SbFz2n0fgA/3bNaY3Gf8KBH240PsBh731Lo/GP2n2bRuOf\nd/2fG40P8Optt2s0/oL7VjYaH2CL085qNP7IyvsbjT+IImKU4tDFpwDLgUMy8/qWx/cH3gqsAj6b\nmSfPJk5VodwyM3csTzLwozKR3TPz2tkEkyQNpoaGXl8MrJ2ZiyNiJ+BjwItaHv8osA1wD/CLiDg7\nM2+faZCqyTx3AWTmivK5e1okJUk9YmfgXIDMvALYcdLjPwUeDqxNcVGP8dkEme5kHoBbM/O22QSR\nJA22hvZRrg/c2XJ/VUSskZkTY/0/oxgNvRf4ambeMZsgVYVym4g4k6ISTywDkJn7zSagJEldchcP\nPff46ESRjIjtKCaebkEx9PrFiHhFZn55pkGqCuUrW5ZPmenGJUnDYbSZjvIy4O+AL5X7KFuvlXwn\nsAxYlpmrIuIPwAazCdK2UGbmRbPZqCRpuIw0M5vna8DzIuJyipHPgyNiP2BBZi6JiE8Dl0bECuAG\n4PTZBJnJPkpJknpGZo4Bh05afV3L46fQhdFQC6UkqWOjA3xqnume61WSpKFkRylJ6tjIvMHtuyyU\nkqSONTSZZ04M7lcASZK6wI5SktQxJ/NIkjSk7CglSR0bGR3cvstCKUnqmEOvkiQNqbYdZUTsChwP\n3A28PjN/NSdZSZL6yiAfHlI19PoBYH9gQ+BY4BW1ZyRJUg+pKpQrMvM6gIg4eg7ykST1oUE+M89M\nXtng/hYkSZpCVUe5SUS8geI6XxPLAGTmklozkyT1jUGe9VpVKM8EFq1mWZKkB42MDmmhzMyH7JeM\niG0o9ls6+1WSNBSqDg95HnAasCXwOuDtwB8j4jOZedoc5CdJ6gOjQzyZ573A0zPzAeCdwPOBXYFD\n6k5MkqReULWP8oHMvCUiHl8uXw8QEavqT02S1C+G+YQD4xGxBvAC4DyAiFgAPKzuxCRJ/WOYC+Xn\ngGuBNYE9ImJb4IvAiXUnJklSL6gqlJsBOwDLgYXAMuDgzPxx3YlJkvrHME/m2SMz78rM5cAZmXmz\nRVKSNEyqOsqRKZYlSXrQMO+jHJ9iWZKkB40O65l5gB0i4nKKbnLrluXxzHxm7dlJktSwqkK53Zxk\nIUnqa4N8ma2qc73+dq4SkSSpF1V1lJIkVRrky2wNbq8sSVIX1NpRjoytrHPzlf7tmuYvcPKPT35d\no/EvvvGqRuMDbPCBZs+hv/yK9RqNf8AL9240PsANh53ZaPzN9nx6o/EB1njy4kbjr7jxukbjA/DC\nf6xt08N8eIgkSZUGeTLP4L4ySZK6wI5SktQxJ/NIkjSk7CglSR0bGeJT2EmSVGmYL7MlSdJQs6OU\nJHVskI+jtKOUJKkNO0pJUscG+YQDFkpJUsdGRge3UA7uK5MkqQvsKCVJHfPwEEmShpQdpSSpY4M8\nmWdwX5kkSV1gRylJ6tggd5QWSklSxwb58JC2hTIi/he4GDgXOC8zb52TrCRJ6hFVHeWWwGJgN+Ds\niJgPXAicm5kX15uaJKlfjMyb13QKtWlbKDNzOUVhvDAiHklRMI8AXg88qu7kJElqWtXQ6w7APuUN\n4Dzg7cCVNeclSeojwzyZ50rgS8CrM/PG+tORJPWj0WGdzAPsDOwNnBER91BM6vlOZl5Xe2aSJPWA\nqn2U3we+D7w3Ih4N7AUsiYjHZubj5yJBSVLvG9qh14gYAbYHdgGeDfwN8FPg1PpTkySpeVVDrzcB\nPwbOB47OzGvqT0mS1G+GtqMEHpeZKybuRMQ2wIrM/FW9aUmS+skgn5mn6pXtGhG/i4g1I+JQ4BvA\nFyLikDnITZKkxlUVyvcCz8jMB4B3As8HdgVeV3dikqT+MTJvtOu3XlE19PpAZt4cEY8vl68HiIhV\n9acmSVLzqgrleESsAbyA4qw8RMQC4GF1JyZJ6h+91AF2W1Wh/BxwLbAmsEdEbAt8ETix7sQkSeoF\nVYVyM2AHYDmwEFgGHJyZP647MUlS/xgd4o5yj8w8BiAizsjMPYCb609LktRPhvnwkJEpliVJGgqV\nk3mmWJYk6UHDPJlnh4i4nKKb3LpleTwzn1l7dpIkNayqUG43J1lIkvra0HaUmfnbTjZ+09qbdPLj\nHXvCgR9uND7AxTde1Wj80zf/20bjA7zv2Bc0Gv+Rh7yz0fgrL/uPRuMDbHHSOY3Gn3fXLY3GB7hn\nwUaNxl+x2eJG4wOsU+O2h3kyjyRJQ61q6FWSpEqj8+Y1nUJt7CglSWrDjlKS1LGhncwjSdJ0DHKh\nHNxXJklSF9hRSpI6NsiHh1goJUl9KSJGgZOAp1Bc5eqQzLx+Nc9bAtyWmUfNJs7gfgWQJM2ZkXmj\nXb9Nw4uBtTNzMXAU8LHJT4iINwJP7uS1WSglSf1qZ+BcgMy8Atix9cGIeCbwDODTnQSxUEqSOtZQ\nR7k+cGfL/VURsQZARCwC3ge8qdPX5j5KSVLHGprMcxewXsv90cxcWS6/Angk8G1gI+BhEXFdZp4+\n0yAWSklSv7oM+DvgSxGxE3DNxAOZeSJwIkBEvAZ40myKJFgoJUldMDLayLlevwY8r+VayQdHxH7A\ngsxc0q0gFkpJUl/KzDHg0Emrr1vN807vJI6FUpLUuWY6yjlhoZQkdW5Yz8xTnvVgH+CezLxwTjKS\nJKmHVHWUJwMPBxZExA6Z+VdnPZAkaWSIL9y8dWa+CngJsPcc5CNJUk+pKpQPAGTmA9N4riRpWI3O\n6/6tRziZR5LUuR4qbN1WVSh3joibKA7kXNiyPJ6ZG9eenSRJDWtbKDNzrblKRJLUv4b2ws0RMZ/i\nrAcnAhsDJ1BcHPNtmXlL/elJktSsqqHXTwF3U0zkOQn4IfBzisNGXlJvapKkvjHA+yinc3jIkcCa\nwC7AhzPza8Cjas9MkqQeUNVR3l3++yzgyvIwEYB16ktJktR3BrijrCqU90TEG4CXA2eWp7TbH/hd\n7ZlJkvrGIE/mqXplhwJbAueWlyl5KfAa4LB605IkqTdUdZSbAc8HnhYRL6WY0HMH8DTgmzXnJknq\nFwM89FrVUX4E+Idy3+QxwF7AjsBRdScmSVIvqOoo52XmTyNiY2DdzLwKICLG6k9NktQ3BrijrCqU\nE7Nc9wLOB4iINYH16kxKktRfBvkyW1WF8vyIuAzYFNg3IrakOAnBObVnJklSD2i7jzIzPwwcAuyU\nmVeXq5dk5gdrz0yS1D9GR7t/6xGVl9nKzGtblm8Abqg1I0mSeojXo5QkdW6IJ/NIklRpZIAL5cj4\n+HhtG19586/q2/g0vPWK+5sMD8Dh33lfo/HX32JRo/EBjn73txqN/6FP79do/LU2XNhofIDlf/hT\no/HX3Xb7RuMDjK7f7P/D2H13Vz+pZmstftlIXdt+4Adf7/rn/ZrPeHFt+c6EHaUkqXM9NPmm2wb3\nlUmS1AV2lJKkjg3yPkoLpSSpcwNcKB16lSSpDTtKSVLnnMwjSdJwsqOUJHVskK8eYkcpSVIbdpSS\npM4N8KxXC6UkqXMDXCgdepUkqQ07SklSx0Y8PESSpOFkRylJ6twA76O0UEqSOjcyuAOUbV9ZRPxT\nRDxxrpKRJKnXVHWUGwBLIuLRwIXAucAFmXlv3YlJkvrIsHaUmXl0Zu4GPBX4ErA98K2IuGAOcpMk\nqXGV+ygjYj6wO7APsANwO7C05rwkSX1kfIA7yraFMiK+CWwKXEwx7PrOzFw2F4lJkvrIABfKqle2\nBnAvcBdwJ3B/7RlJktRDqvZR7g08F7gC2A/474g4OyIOnIvkJEl9YmSk+7ceUdkrZ+ayzPwv4GTg\nVGBj4P015yVJUk+o2kf5dmAXYGvgaopJPAdn5g1zkJskqV8M8Lleq2a9zgeOAf47M8fmIB9JknpK\nVaH8KPBG4IcRsQlwArAceFtm3lJ3cpKk/jC0h4cAJwL3UOzLPAn4IfBziv2VL6k3NUlS3xjgQln1\nyrbJzCOBNSn2VX44M78GPKr2zCRJ6gFVHeXd5b/PAq7MzAfK++vUl5Ikqe8McEdZVSjviYg3AC8H\nzoyIUWB/4He1ZyZJUg+o+gpwKLAlcG5mng68FHgNcFi9aUmS+srIaPdvPaKqo9wMeD7wtIh4KcWE\nnjuApwHfrDk3SVKfGORZr1Wv7CPAP5T7Jo8B9gJ2BI6qOzFJknpBVUc5LzN/GhEbA+tm5lUAEeHJ\nByRJfzHEHeXELNe9gPMBImJNYL06k5IkqVdUdZTnR8RlFNek3DcitgQ+BZxTe2aSpP7RQ1f76Laq\ny2x9GDgE2Ckzry5XL8nMD9aemSSpfwzxrFcy89qW5RuAaV85ZPS+22eZVncctfs2jcYHWH5Fs6PU\njzzknY3GB/jQhg9vNP5Rbzyz0fgn5RmNxgf49dHHNhp/q91f0Gh8gFWLtmo0/ug9f2w0vmavslBK\nklRlmA8PkSRpqNlRSpI6N8AXbh7cVyZJUhfYUUqSOjfA+ygtlJKkzg1woRzcVyZJUhfYUUqSOmdH\nKUnScLKjlCR1bJBPOGChlCR1boAL5eC+MkmSusCOUpLUuWG9zJYkScPOjlKS1LkB3kdpoZQkdayJ\nWa8RMQqcBDwFWA4ckpnXtzz+d8B7gZXAZzPzM7OJM7hfASRJg+7FwNqZuRg4CvjYxAMRsSbwcWBP\nYFfgDRHxmNkEmbJQRsS7Wpaf07J88mwCSZIG2Mho92/VdgbOBcjMK4AdWx7bCrg+M2/PzBXApcCz\nZ/PS2mXyvJbl97Qsx2wCSZLUZesDd7bcXxURa0zx2N3Aw2cTpN0+ypEpliVJeojxZg4PuQtYr+X+\naGaunOKx9YA7ZhOkXUc5PsWyJEm94DJgH4CI2Am4puWxa4G/iYiFEbEWxbDr92cTpF1HuUlEvIGi\nm2xd3ng2gSRJg2u8mXbqa8DzIuJyivp0cETsByzIzCURcSRwHkVT+NnM/P1sgrQrlGcCi1azfNZs\nAkmSBtdYA5UyM8eAQyetvq7l8W8C3+w0zpSFMjOPjoiFmXkbQERsBKzMzD91GlSSpH7R7vCQXYEf\nR8QG5artgB9FxM5zkpkkqW+M13DrFe0m8xwD7JqZtwNk5ncpDhn54FwkJklSL2hXKFdm5o2tKzLz\nl8BYrRlJkvrO2Hj3b72iXaEcLc+j96CImAesVW9KkqR+Mz4+3vVbr2g36/WLwFkRcSzwa2BTipPL\nnj0XiUmS1AvazXr9TETcTXFS2UXAb4EvUBRMSZIe1EtDpd3W9qyzmXl2Zu4BHAT8geLM7I+di8Qk\nSeoFU3aU5Sl/Xg0cDqygOMHsFpm5bI5ykyT1iQFuKNt2lDdSHDt5QGbuAtxkkZQkrc4gz3ptN5nn\nBGB/YPOIOBWvICJJGkJTdpSZeVxmPgU4EdgPeFpEfDgitp2z7CRJfWGQDw+pvIR0Zl6UmQcCWwL/\nSzHzVZKkodBu6PUhMvMO4JPlTZKkBw3yKdsqO0pJkobZtDtKSZKm0kO7FLtupM4dpr+//d5Gf3Xn\n3fDnJsMDcMCyyxuNv+rPNzcaH2B81apG46/95MWNxj889m80PsBJN3yl0fjLf9bs3wHA6B4HNZvA\nSPMDePPXXa+2oxfq+LzfZIN1e+Joi+b/5yRJ6mEOvUqSOtZLh3N0mx2lJElt2FFKkjo2yIeHWCgl\nSR0b4JFXh14lSWrHjlKS1LGxAW4p7SglSWrDjlKS1LHB7SctlJKkLuilCy13m0OvkiS1YUcpSerY\nAM/lsaOUJKkdO0pJUsfGBng6jx2lJElt2FFKkjo2yPsoLZSSpI4N7eEhEfHCuUpEkqReVLWP8siJ\nhYg4p+ZcJEl9any8+7deUVUoR1qWH11nIpIk9aKqfZTjUyxLkvSgQT48pKpQbhkRx1J0lhPLAGTm\nu2vNTJLUN3ppqLTbqgrle6dYliRpKLQtlJn5udb7EbEpsEZm/qbWrCRJfWWQL9zctlBGxHOAE4Bb\ngS8CxwL3RcSSzDxuDvKTJKlRVUOvHwReCiwEzge2BO4ALgIslJIkAFaNNZ1BfaoK5X2Z+SuAiLg6\nM/9QLt9Xe2aSpL4xyEOvVcdRtn5HeKBleWTyEyVJGkRVHeUOEXF5ubx1uTwCbFVvWpKkfrJqgDvK\nqkK5HfAI4G3AncAlwJeBFTXnJUlST6gaen06cCrF5J2TgbuBrwDb15yXJKmPjI2Pd/3WK6o6yiOA\n3TLz3okVEfE54D/LmyRJA62qo1zZWiQBMvMuYFV9KUmS+s2qse7fekVVRzlVqlUFVpI0RHppqLTb\nqgrlNhFx5qR1I8DWNeUjSVJPqSqUr5xi/SndTkSS1L+G9vCQzLxorhKRJKkXVXWUkiRVGhvchrLe\nQrnotp/XuflKr952u0bjA9xw2ORdvHNri5POaTQ+wP2nH91o/F8ffWz1k2p00g1faTQ+wOFbvrzR\n+Ac+a9NG4wM8fad9G40/765bGo0PwBN2qm3Tqwa4Ujp7VZKkNhx6lSR1bJAPD7GjlCSpDTtKSVLH\nVg1uQ2mhlCR1zqFXSZKGlB2lJKljHh4iSdKQsqOUJHXMfZSSJA0pO0pJUsc8PESSpDYcepUkaUjZ\nUUqSOjbm4SGSJA0nO0pJUseczCNJUhtDO5knIh4ZEetOWndYvSlJktQ7puwoI+JdwOuANSLidcCv\ngHOAO4GT5yY9SVI/WDXAHWW7oddXAVsDjwTOBh4DfDgzPzsXiUmS1AvaFcrbMnMFcFNEbAK8IjOv\nmqO8JEl9ZJAPD2lXKFtf9e8skpKkqQzrrNdNIuINwAiwcbkMQGYuqT0zSZJ6QLtCeSawaDXLkiQ9\nRK8cHhIR6wBfBB4N3A0clJl/XM3zRoFvAf+Zmae02+aUhTIzj+4sXUmS5txhwDWZ+f6IeBXwz8AR\nq3neMcAG09lgu8NDfsND91M+KDMfP52NS5KGQw8dHrIzcFy5/B3gXyY/ISJeDowB505ng+2GXp80\n6f7ewMfLmyRJD1rVwKzX8hj/t0xafSvF8f5QDL0+fNLPbAvsB7wceO904rQbel1ebvRhFMXxycDz\nM/OX09mwJEl1yszTgNNa10XEV4H1yrvrAXdM+rF/ADYBvgdsDqyIiBszc8rusu25XiPi2cAS4HPA\nYZk5NoPXIEkaEk10lFO4DNgHuJJiJPSS1gcz8x0TyxHxfuCWdkUS2u+jPJ7i7DxHAD8BnhARE4Hs\nKiVJvehk4HMRcSmwgmKYlYg4Erg+M78x0w226ygPBq6mmEEExfGUUEzw2WOmgSRJg6tXOsrMvA94\nxWrWH7+ade+fzjbbFcqfAI8DLqKYOfTdzJw81itJ0kBrN5lnt4iYDywGdgNeXx6geWFm/usc5SdJ\n6gO90lHWoe1knsxcHhE/AhZSzB76W+Cpc5GYJKl/DGWhjIi3UswcegRwPvBfwFGZ+cAc5SZJUuPa\ndZT/QnHWgg8CF1kgJUlTGcqOEngUsAtFV3lsRNxMMann25n5u7lITpKkprWbzPMAxZkLvgcQEXsB\n7wb+DZg3J9lJkvrCUHaUEbEjRUe5C8V5X39CcYaeA+YmNUlSvxjKQgl8CPguxaVIfpyZM/4t/HLB\n5POqz60F961sND7AZns+vdH48+66pdH4AOtuu32j8bfa/QWNxl/+s8sbjQ9w4LM2bTT+Fy77n0bj\nA2y34DGNxp8/f0Gj8QHWajqBPtVu6PW5c5mIJKl/DXJHOdp0ApIk9bK2JxyQJGk6BrmjtFBKkjq2\ncoALpUOvkiS1YUcpSerYIA+92lFKktSGHaUkqWN2lJIkDSk7SklSx1aND25HaaGUJHXMoVdJkoaU\nHaUkqWN2lJIkDSk7SklSxwa5o7RQSpI6tmpsrOkUauPQqyRJbbQtlBGxaIr1z6gnHUlSP1o1Nt71\nW6+o6ijPmFiIiC+0rP9gPelIktRbqvZRjrQsP3aK9ZKkIddLHWC3zXYyz+D+RiRJMzbMF24en2JZ\nkqShUNVR7hwRN1EMtS5sWd6g9swkSX1jaIdeM3OtuUpEkqReVHV4yKdalp9afzqSpH40zIeHbNOy\n/LE6E5EkqRfNZNarh4RIklarlzrAbqsqlM56lSRVGuZC+axypivAhi2zXsczc+N6U5MkqXlVhfIN\nLcvjwDLgR5n56/pSkiT1m0HuKKsm8zyp5bYV8GzgqxHx2roTkySpF1QdR/muyesiYm3gQuCzNeUk\nSeoz40PcUf6VzLwfWFFDLpKkPjU2Nt71W6+YcaGMiI2AdWvIRZKkntN26DUizuKhh4WsDWwPHFln\nUpKk/jI+3jsdYLdVzXo9ZdL9ZcC1mXl3TflIktRTqibzXDRXiUiS+tcgT+aZ7YWbJUl6UC9Nvum2\nWgvl8jf/fZ2br7TFaWc1Gh9gjScvbjT+PQs2ajQ+wLrrL2w0/qpFWzUaf/Sx2zUaH+DpO+3baPzt\nFjym0fgAb1+32ffBPhstaDQ+wL43/6zpFPqSHaUkqWPjY01nUJ8ZHx4iSdIwsaOUJHVskA8PsaOU\nJKkNO0pJUsec9SpJUhuDfBylQ6+SJLVhRylJ6pgdpSRJQ8qOUpLUsbEBPjzEQilJ6phDr5IkDSk7\nSklSx+woJUkaUnaUkqSOeWYeSZLa8KTokiQNKTtKSVLHBvnCzW0LZUSsD5wCvDEz746I/YB9gddn\n5t1zkaAkSU2q6ihPAa4E7invfwnYGDgZOKDGvCRJfWSYJ/Nslpn7TdzJzJXARyPi+/WmJUlSb6gq\nlCunWL+i24lIkvrXMJ9w4PqIeFHriojYF7i5vpQkSf1mfGy867deUdVRvg04KyLeB/wG2BT4I3Bg\n3YlJktQL2hbKzLwD2DsiNqOYxPO7zLxpTjKTJPWNob3MVkRsBfwrxazXd2bmrXOSlSRJPaJq6PVk\n4EPAQuA44KDaM5Ik9Z1e2qfYbVWFciwzzwWIiNfOQT6SpD40yIVyJud69bywkqShU9VRbhgRewIj\nLcsAZOZ3a81MktQ3hvnMPFcBr2pZPrhcXgZYKCVJA6+qUH6CYtbrrcDZwDnl+rfUmZQkqb/0yvUo\nI2Id4IvAo4G7gYMy84+TnvNWYD9gDDg2M7/WbptV+x1PoiiWS4GvAzsBWwKHz+YFSJIGUw+dmecw\n4JrM3AX4PPDPrQ9GxCOAI4DFwJ7ACVUbrCqUKzLz/Mw8B/hpZv6qPAnBPRU/J0lSE3YGzi2XvwM8\nd9Lj9wK/BdYtb5VX0qw8PKRl+f6WZWfASpIe1MRknoh4HX+9K/BW4M5y+W7g4av50f8BfgHMAz5Y\nFaeqUG4TEWdSzHptXd66asOSJNUpM08DTmtdFxFfBdYr764H3DHpx/YGFgFblPfPi4jLMvPKqeJU\nFcpXtiyfMsWyJGnIjY+tajqFCZcB+wBXUhTFSyY9fjvFkRvLM3M8Iu4AHtFug1UnRb9o9rlKkjTn\nTgY+FxGXUlw7eT+AiDgSuD4zvxERzwWuiIgx4FKKCatTquooJUmq1CsdZWbeB7xiNeuPb1l+H/C+\n6W6z1kL5qO02r3PzlUZW3l/9pJqtuPG6ZuNvtrjR+ADr3Hd3o/FH7/lj9ZNqtOoRj200PsC8u25p\nNP78+QsajQ+wz0bN5vDtW5o/WGDfGrfdK4WyDs5elSSpDYdeJUkdG19lRylJ0lCyo5QkdWyQ91Fa\nKCVJHRvkQunQqyRJbdhRSpI6ZkcpSdKQsqOUJHVskDtKC6UkqWODXCgdepUkqQ07SklSx8bsKCVJ\nGk52lJKkjrmPUpKkIWVHKUnq2CB3lBZKSVLHhvYyWxHxTxHxxLlKRpKkXlPVUW4ALImIRwMXAucC\nF2TmvXUnJknqH4M89Nq2o8zMozNzN+CpwJeA7YFvRcQFc5CbJEmNq9xHGRHzgd2BfYAdgNuBpTXn\nJUnqI4OMfm5EAAAKGUlEQVTcUbYtlBHxTWBT4GKKYdd3ZuayuUhMktQ/BrlQVh1HuQZwL3AXcCdw\nf+0ZSZLUQ6r2Ue4NPBe4AtgP+O+IODsiDpyL5CRJ/WF8bKzrt15ReWaezFyWmf8FnAycCmwMvL/m\nvCRJ6glV+yjfDuwCbA1cTTGJ5+DMvGEOcpMk9YlB3kdZNet1PnAM8N+Z2Tt9sCSppwxyoawaev0q\n8E7gsxHxmDnIR5KknlLVUZ4EfAhYCBwHHFR7RpKkvjPIF26uKpRjmXkuQES8dg7ykSSpp8zk6iFe\nu1KStFqDfPWQqkK5YUTsCYy0LAOQmd+tNTNJknpAVaG8CnhVy/LB5fIywEIpSQIGe9ZrVaH8BPCv\nwK3A2cA55fq31JmUJKm/DHKhrNrveBJFsVwKfB3YCdgSOLzmvCRJ6glVHeWKzDwfICKOyMxflcv3\n1J6ZJKlvDHNH2Xo2ntYrhzgDVpI0FKo6ym0i4kyKWa+ty1vXnpkkqW8Mckc5Mj4+PuWDEbHrVI9l\n5kW1ZCRJUg9pWyglSRp27muUJKkNC6UkSW1YKCVJasNCKUlSGxZKSZLamMlltjoSEbsBXwJ+AYwD\n6wO/BvbPzBUdbvuWzNwoIp4MbJCZF0/z5zYHfkpxwvcJ3wN+S3GR6hFgLeDozPxuRLwf2A+4qXwN\n84F3Z+aFs8h52rGBi8r1m2TmqohYDFwGPCMzfxgRawM3AJtmZutJIqaTx1HAc4E1KU4w8Tbgd8Ap\nwHrAAor/szdn5rKIWAFcXr7+NYFrgcMyc+UsfgfTjl0+tjwzjyt/9jvAqsx8YXn//cAdmXnCTPNo\nyecdFOcx3iIz7y/XvQE4oMxvTeA9mXnhpPfChKWZ+YFZxN2Nv/xtjJRxTgCu5C/vkRFgXeBdmbk0\nIl4D/F+Kv6EJx2fmN2YQ94Jye1dGxFrAH4FjMvMj5eMXAtsD/56ZbynXrQ1cl5mbr+Z3sCFwdge/\ng0Mz81Ut6z4EXAcsoXjPTfhFZh7e8l5stX9m/n6W8Vv/D+YDhwFHAH8L3Ebxnp9H8X7/eURsAHwU\neALF/9nvgDdm5p11xgZeSs1/C3qoOSuUpe9N+kM4E9gX+EqXtv8y4BZgWoWy9IvM3K0lp4cDPwK2\nzswVEbExcGVEbFY+5fjMPKV87lbAGRRv5tmYVmxgM+Bqig+tHwH7AF8u//0hsBi4ZBZFcmuK3/+z\nMnM8IrYHPgecR/GhP/E6TwAOBT4O3DYp53PKPKb9AT3L2EuB9wDHRcTDgIcDCyJincxcBuwOvHEm\nOazGARQn/38VcHpEvAp4HvCczHwgIrYALo6Ip5bPf/C90AUP/m1ExAKKL0evo+U9EhFPBL4KbFv+\nzJmZeVQHMZcCu1C8x3ah+N3vA3ykLIiPA34CvDoivj7FsdOtfw/zgV9ExGcy8w8d5DXZQ95z01g/\nW63/B3tSXBDiT8A7Wi5gv3e5/qXAWcCnM/Nr5WNvAT7NX664VFfs46j/b0EtGht6Lb/BLgJuj4gP\nRsSlEfH9iHhF+fjhEfGDct2J5brTI2KvcnmviDi9ZXubAK8BjoyIp3eQ2nKKTu6wiNgyM28Ctpyi\nCC0Eunne23axJz7UAJ4DvAvYu7y/G3DuLOLdSVGEXxsRm2Tm1cDTKa4W8/KIeG5ErEPRzZ04+Ycj\nYk2Krm82v4OZxv4hxdmhRihe/4UUX4h2Lz/UH5OZ180ij4nXshtFV34K8I/l6jcCx2bmAwCZ+Rtg\n+8z802zjTEdm3kPxgfu2SQ9tAHSzALW+p/YBTgUeUX5hW0xRrMcpOpslZQFvZ0OKzmpZF3NsylS/\n64XAPRHxOGCjiSJZOpHuFKi2san5b0F/ba47yj3K4ZxHUwxlLaEoDFtk5s7lf/IVEbGU4tqXh5dD\ni4dFRNtcM/P3ZeG8JTOvnEFOW5c5Tdgf2AP4P8C5ZUH/EHBy+fiRZaexCrgDeP0MYnUSeynwvog4\nC7g3M38dESMR8ShgV4oP+Bkpf2f7Am8qt30fxTfVjwO3A2+n6FwvpbhizP8AC8ucx8vbdzLze3XH\nzsz/iYirKbqpvSm+za9fLi+j+LDoxCHAqZmZEbE8Ip4BbMxDhzbJzD+33J14L0z4QGYu7TCPCbcC\nj+Qv75E1gKdSDENP2C8idiqX/5iZr5hhjB8DTyo/cJ8NvBs4n2I4fDuKL1+HUnSVnweOB/5p0jaO\njIhXA5sCvwcOycy7Z5hHO+P85T034a2Z+aPVrP99Zu7fQayJz6f5wFOAF1MMLR9X7iZYRTHM/A5g\nc+A3rT+cmasovgDWGrvc/VLn34ImaWToNSI2pPjg/w3wZGCHljf8mhRvwoOBt5XDXd+nGLtvNfn+\nbE0e/twYWCcz31TefyJF0bq0fEo3h9tmEvsa4G+AvfhL93geRTe5dmbePNPgEfEE4K7MfG15f0fg\nOxT7Qj6fmZ8th9PeQbHP7GV0abhrlrEnOqDFFAVjPkVx/TOz66gnctmAoqN6dES8mWIo600U+4U3\npeXDLyKeT7HfELr7XpjscRRfEh7RMvS6EfDjKPYtQodDr5k5FhE/oXhP3ZKZy8v9XS+k+LD+BEWh\nhOIL22X8ZRRjwvGZeUpE7EAxbP3LWaazjOL/s9WCcn0TQ69B8bmzlJbhzwkRMQo8dtK6NYFXZuYZ\ndcYu1fK3oNVrZOi1/FZ+AMVQz63A/yvf8HtQ7NS+gaJTOzQzd6X4Jv1MiiuYLCo3s7r9gmN0/po2\nAr4YEeuV939Lsa+gowlHncbOzHGKD+hDKAoK5b9HMPtvkNsBnyo7Vyg+5O6gmDCwH0BmLgd+TjEs\n3E2zib0UeDXwq8xclZn3UXSfewAXMHsHAKdl5p6ZuRfwDGBP4AvAv0yMZpRfXE6l+HZfm4hYn+L9\n/+VJD91GUTi6+QV3KUUnOfGeupTib2s0M2+beFLZLR1E0fH/lbLD+xBwdllEZupa4KkRsQgenDT0\nbB462W0u3druwXLC0J8i4kUtq48AXjTFj3QtdqmuvwWtRmP7KDPzFxRj+i+kGPO/hGKiyng5dHMN\ncElEfI9ivP4HFB9Sb4mI84FNVrPZHwFviojdO8jrKuCTFJM2LqcY+z81M3O22+xi7KUUM1t/Ud6/\nEtiKWX6DzMyvApcAP4yIyyg61LdTDAG/NCJ+XOZxEH+9v6wjs4mdmddTfIv/dsumllLM+OtkuO8Q\niqI4kdt9wH9QdJNXAJdGxMXAvwMHtExUOTIiLmy5fbqDHPYot3EB8E3gfRRfELYu13+P4vf1mcy8\noYM4ky0Fdqb8nWYxA/0Oiv2TD1G+D1dbKMvHTwPuoviyMyOZeRdwJPCtcgTlYuCT5f/5VBZO+v1f\nGMWM8Nlq/T/4bplPu/2tB1IMf18SET+g+IIx210xM4pd49+CVsOTokuS1IYnHJAkqQ0LpSRJbVgo\nJUlqw0IpSVIbFkpJktqwUEqS1IaFUpKkNiyUkiS18f8BQqD1QeO+Tc0AAAAASUVORK5CYII=\n",
      "text/plain": [
       "<matplotlib.figure.Figure at 0x1a7bada0ba8>"
      ]
     },
     "metadata": {},
     "output_type": "display_data"
    }
   ],
   "source": [
    "import seaborn as sns\n",
    "fig = plt.figure(figsize=(8,8))\n",
    "sns.heatmap(corrData); "
   ]
  },
  {
   "cell_type": "markdown",
   "metadata": {},
   "source": [
    "There is a strong positive correlation between:\n",
    "* Break Points Created and Break Points Won\n",
    "* Winners and Unforced Errors\n",
    "\n",
    "A little bit less but still significant correlation between:\n",
    "* Result and Break Points Created\n",
    "* Winners and Aces\n",
    "* winners and First Serve Points Won\n",
    "\n",
    "There is strong negative correlation between:\n",
    "* Second Serve Percentage and First Serve Percentage\n",
    "\n",
    "A little bit less but still significant correlation between:\n",
    "* Second Serve Won and First Serve Percentage\n",
    "* Double Faults and First Serve Percentage"
   ]
  },
  {
   "cell_type": "markdown",
   "metadata": {},
   "source": [
    "Let's do the same thing without including the result."
   ]
  },
  {
   "cell_type": "code",
   "execution_count": 75,
   "metadata": {
    "collapsed": false
   },
   "outputs": [
    {
     "data": {
      "text/html": [
       "<div>\n",
       "<table border=\"1\" class=\"dataframe\">\n",
       "  <thead>\n",
       "    <tr style=\"text-align: right;\">\n",
       "      <th></th>\n",
       "      <th>FSP</th>\n",
       "      <th>FSW</th>\n",
       "      <th>SSP</th>\n",
       "      <th>SSW</th>\n",
       "      <th>ACE</th>\n",
       "      <th>DBF</th>\n",
       "      <th>WNR</th>\n",
       "      <th>UFE</th>\n",
       "      <th>BPC</th>\n",
       "      <th>BPW</th>\n",
       "    </tr>\n",
       "  </thead>\n",
       "  <tbody>\n",
       "    <tr>\n",
       "      <th>FSP</th>\n",
       "      <td>1.000000</td>\n",
       "      <td>0.230139</td>\n",
       "      <td>-1.000000</td>\n",
       "      <td>-0.487529</td>\n",
       "      <td>-0.092801</td>\n",
       "      <td>-0.362946</td>\n",
       "      <td>-0.000631</td>\n",
       "      <td>-0.107677</td>\n",
       "      <td>0.037264</td>\n",
       "      <td>0.065814</td>\n",
       "    </tr>\n",
       "    <tr>\n",
       "      <th>FSW</th>\n",
       "      <td>0.230139</td>\n",
       "      <td>1.000000</td>\n",
       "      <td>-0.230139</td>\n",
       "      <td>0.581404</td>\n",
       "      <td>0.537616</td>\n",
       "      <td>0.292316</td>\n",
       "      <td>0.598778</td>\n",
       "      <td>0.397354</td>\n",
       "      <td>0.230163</td>\n",
       "      <td>0.351445</td>\n",
       "    </tr>\n",
       "    <tr>\n",
       "      <th>SSP</th>\n",
       "      <td>-1.000000</td>\n",
       "      <td>-0.230139</td>\n",
       "      <td>1.000000</td>\n",
       "      <td>0.487529</td>\n",
       "      <td>0.092801</td>\n",
       "      <td>0.362946</td>\n",
       "      <td>0.000631</td>\n",
       "      <td>0.107677</td>\n",
       "      <td>-0.037264</td>\n",
       "      <td>-0.065814</td>\n",
       "    </tr>\n",
       "    <tr>\n",
       "      <th>SSW</th>\n",
       "      <td>-0.487529</td>\n",
       "      <td>0.581404</td>\n",
       "      <td>0.487529</td>\n",
       "      <td>1.000000</td>\n",
       "      <td>0.432403</td>\n",
       "      <td>0.371954</td>\n",
       "      <td>0.441742</td>\n",
       "      <td>0.295111</td>\n",
       "      <td>0.236923</td>\n",
       "      <td>0.278757</td>\n",
       "    </tr>\n",
       "    <tr>\n",
       "      <th>ACE</th>\n",
       "      <td>-0.092801</td>\n",
       "      <td>0.537616</td>\n",
       "      <td>0.092801</td>\n",
       "      <td>0.432403</td>\n",
       "      <td>1.000000</td>\n",
       "      <td>0.209837</td>\n",
       "      <td>0.613009</td>\n",
       "      <td>0.217433</td>\n",
       "      <td>0.049749</td>\n",
       "      <td>0.140383</td>\n",
       "    </tr>\n",
       "    <tr>\n",
       "      <th>DBF</th>\n",
       "      <td>-0.362946</td>\n",
       "      <td>0.292316</td>\n",
       "      <td>0.362946</td>\n",
       "      <td>0.371954</td>\n",
       "      <td>0.209837</td>\n",
       "      <td>1.000000</td>\n",
       "      <td>0.186202</td>\n",
       "      <td>0.351850</td>\n",
       "      <td>0.029884</td>\n",
       "      <td>0.021315</td>\n",
       "    </tr>\n",
       "    <tr>\n",
       "      <th>WNR</th>\n",
       "      <td>-0.000631</td>\n",
       "      <td>0.598778</td>\n",
       "      <td>0.000631</td>\n",
       "      <td>0.441742</td>\n",
       "      <td>0.613009</td>\n",
       "      <td>0.186202</td>\n",
       "      <td>1.000000</td>\n",
       "      <td>0.700202</td>\n",
       "      <td>0.096655</td>\n",
       "      <td>0.199054</td>\n",
       "    </tr>\n",
       "    <tr>\n",
       "      <th>UFE</th>\n",
       "      <td>-0.107677</td>\n",
       "      <td>0.397354</td>\n",
       "      <td>0.107677</td>\n",
       "      <td>0.295111</td>\n",
       "      <td>0.217433</td>\n",
       "      <td>0.351850</td>\n",
       "      <td>0.700202</td>\n",
       "      <td>1.000000</td>\n",
       "      <td>-0.024630</td>\n",
       "      <td>0.050152</td>\n",
       "    </tr>\n",
       "    <tr>\n",
       "      <th>BPC</th>\n",
       "      <td>0.037264</td>\n",
       "      <td>0.230163</td>\n",
       "      <td>-0.037264</td>\n",
       "      <td>0.236923</td>\n",
       "      <td>0.049749</td>\n",
       "      <td>0.029884</td>\n",
       "      <td>0.096655</td>\n",
       "      <td>-0.024630</td>\n",
       "      <td>1.000000</td>\n",
       "      <td>0.799070</td>\n",
       "    </tr>\n",
       "    <tr>\n",
       "      <th>BPW</th>\n",
       "      <td>0.065814</td>\n",
       "      <td>0.351445</td>\n",
       "      <td>-0.065814</td>\n",
       "      <td>0.278757</td>\n",
       "      <td>0.140383</td>\n",
       "      <td>0.021315</td>\n",
       "      <td>0.199054</td>\n",
       "      <td>0.050152</td>\n",
       "      <td>0.799070</td>\n",
       "      <td>1.000000</td>\n",
       "    </tr>\n",
       "  </tbody>\n",
       "</table>\n",
       "</div>"
      ],
      "text/plain": [
       "          FSP       FSW       SSP       SSW       ACE       DBF       WNR  \\\n",
       "FSP  1.000000  0.230139 -1.000000 -0.487529 -0.092801 -0.362946 -0.000631   \n",
       "FSW  0.230139  1.000000 -0.230139  0.581404  0.537616  0.292316  0.598778   \n",
       "SSP -1.000000 -0.230139  1.000000  0.487529  0.092801  0.362946  0.000631   \n",
       "SSW -0.487529  0.581404  0.487529  1.000000  0.432403  0.371954  0.441742   \n",
       "ACE -0.092801  0.537616  0.092801  0.432403  1.000000  0.209837  0.613009   \n",
       "DBF -0.362946  0.292316  0.362946  0.371954  0.209837  1.000000  0.186202   \n",
       "WNR -0.000631  0.598778  0.000631  0.441742  0.613009  0.186202  1.000000   \n",
       "UFE -0.107677  0.397354  0.107677  0.295111  0.217433  0.351850  0.700202   \n",
       "BPC  0.037264  0.230163 -0.037264  0.236923  0.049749  0.029884  0.096655   \n",
       "BPW  0.065814  0.351445 -0.065814  0.278757  0.140383  0.021315  0.199054   \n",
       "\n",
       "          UFE       BPC       BPW  \n",
       "FSP -0.107677  0.037264  0.065814  \n",
       "FSW  0.397354  0.230163  0.351445  \n",
       "SSP  0.107677 -0.037264 -0.065814  \n",
       "SSW  0.295111  0.236923  0.278757  \n",
       "ACE  0.217433  0.049749  0.140383  \n",
       "DBF  0.351850  0.029884  0.021315  \n",
       "WNR  0.700202  0.096655  0.199054  \n",
       "UFE  1.000000 -0.024630  0.050152  \n",
       "BPC -0.024630  1.000000  0.799070  \n",
       "BPW  0.050152  0.799070  1.000000  "
      ]
     },
     "execution_count": 75,
     "metadata": {},
     "output_type": "execute_result"
    }
   ],
   "source": [
    "statistics = data.drop([\"Result\"], axis=1)\n",
    "corrStatistics = statistics.corr()\n",
    "corrStatistics"
   ]
  },
  {
   "cell_type": "code",
   "execution_count": 76,
   "metadata": {
    "collapsed": false
   },
   "outputs": [
    {
     "data": {
